3,1
3,3
10,223
10,25
10,175
10,93
10,231
10,241
10,23
10,2
10,3
9,7
9,5
8,12
8,14
8,4
8,16
8,11
8,6
8,2
8,3
25,3
25,1
20,3
20,2
20,1
19,3
19,2
19,1
14,5
14,4
14,2
14,0
12,3
12,2
12,1
11,30
11,29
11,28
11,27
11,26
11,25
11,24
11,22
11,21
11,20
11,19
11,18
11,17
11,16
11,15
11,13
11,12
11,11
11,10
11,9
11,8
11,7
11,6
11,5
11,4
11,3
11,2
18,1
11,1
18,3
10,313
10,312
10,311
10,310
10,309
10,307
10,306
10,299
10,296
10,289
10,285
10,282
14,1
10,278
14,3
10,268
10,267
13,1
10,261
13,3
10,259
10,252
10,249
10,243
10,242
10,224
10,222
10,216
10,209
10,204
10,200
10,199
10,190
10,183
10,181
10,169
10,163
10,160
10,151
10,149
10,144
10,139
10,133
10,130
10,120
10,118
10,109
10,106
10,103
10,100
10,97
10,96
10,94
